"","Town","Date","Day_Difference","Confirmed_Difference","Current","Total_Confirmed","Total_Probable","Total_Probable_Confirmed","New_Probable_Confirmed","Removed_Probable_Confirmed","New_Prob_Conf_per_day_per_100k","New_Conf_per_day_per_100k","Current_per_100k","avg7dayPer100k"
"1","Natick",2020-09-07,4,3,1,463,NA,NA,NA,NA,NA,2.08044382801664,2.77392510402219,1.18882504458094
"2","Natick",2020-09-03,3,0,3,460,NA,NA,NA,NA,NA,0,8.32177531206657,2.37765008916188
"3","Natick",2020-08-31,4,6,7,460,NA,NA,NA,NA,NA,4.16088765603329,19.4174757281553,2.77392510402219
"4","Natick",2020-08-27,3,1,4,454,NA,NA,NA,NA,NA,0.924641701340731,11.0957004160888,1.58510005944125
"5","Natick",2020-08-24,4,3,3,453,237,690,11,NA,7.62829403606103,2.08044382801664,8.32177531206657,1.18882504458094
"6","Natick",2020-08-20,3,0,7,450,226,676,10,NA,9.2464170134073,0,19.4174757281553,1.98137507430157
"7","Natick",2020-08-17,4,5,9,450,216,666,15,NA,10.4022191400832,3.46740638002774,24.9653259361997,2.37765008916188
"8","Natick",2020-08-13,3,1,4,445,206,651,9,NA,8.32177531206657,0.924641701340731,11.0957004160888,1.18882504458094
"9","Natick",2020-08-10,4,2,3,444,198,642,36,NA,24.9653259361997,1.3869625520111,8.32177531206657,1.18882504458094
"10","Natick",2020-08-06,3,1,3,442,164,606,15,NA,13.869625520111,0.924641701340731,8.32177531206657,0.792550029720626
"11","Natick",2020-08-03,4,1,6,441,150,591,18,NA,12.4826629680999,0.693481276005548,16.6435506241331,2.77392510402219
"12","Natick",2020-07-30,3,6,8,440,133,573,23,NA,21.2667591308368,5.54785020804438,22.1914008321775,3.1702001188825
"13","Natick",2020-07-27,4,2,5,434,116,550,17,NA,11.7891816920943,1.3869625520111,13.869625520111,2.77392510402219
"14","Natick",2020-07-23,3,5,10,432,101,533,14,NA,12.9449838187702,4.62320850670365,27.7392510402219,4.35902516346344
"15","Natick",2020-07-20,4,6,6,427,92,519,23,NA,15.9500693481276,4.16088765603329,16.6435506241331,2.77392510402219
"16","Natick",2020-07-16,3,1,4,421,75,496,6,NA,5.54785020804438,0.924641701340731,11.0957004160888,0.792550029720626
"17","Natick",2020-07-13,4,1,3,420,70,490,8,NA,5.54785020804438,0.693481276005548,8.32177531206657,0.396275014860313
"18","Natick",2020-07-09,1,0,2,419,63,482,2,NA,5.54785020804438,0,5.54785020804438,0
"19","Natick",2020-07-08,1,0,3,419,61,480,9,477,24.9653259361997,0,8.32177531206657,0
"20","Natick",2020-07-07,1,0,4,419,52,471,5,467,13.869625520111,0,11.0957004160888,0.396275014860313
"21","Natick",2020-07-06,1,1,3,419,47,466,2,463,5.54785020804438,2.77392510402219,8.32177531206657,0.396275014860313
"22","Natick",2020-07-05,2,0,2,418,46,464,0,463,0,0,5.54785020804438,-0.396275014860313
"23","Natick",2020-07-03,1,-1,2,418,46,464,0,463,0,-2.77392510402219,5.54785020804438,NA
"24","Natick",2020-07-02,1,NA,2,419,46,465,2,463,5.54785020804438,NA,5.54785020804438,NA
"25","Natick",2020-07-01,1,NA,NA,NA,NA,463,3,462,8.32177531206657,NA,NA,NA
"26","Natick",2020-06-30,1,NA,NA,NA,NA,460,5,459,13.869625520111,NA,NA,NA
"27","Natick",2020-06-29,1,NA,NA,NA,NA,455,6,455,16.6435506241331,NA,NA,NA
"28","Natick",2020-06-28,1,NA,NA,NA,NA,449,0,449,0,NA,NA,NA
"29","Natick",2020-06-27,1,NA,NA,NA,NA,449,0,449,0,NA,NA,NA
"30","Natick",2020-06-26,1,NA,NA,NA,NA,449,1,448,2.77392510402219,NA,NA,NA
"31","Natick",2020-06-25,1,NA,NA,NA,NA,448,2,448,5.54785020804438,NA,NA,NA
"32","Natick",2020-06-24,1,NA,NA,NA,NA,446,0,446,0,NA,NA,NA
"33","Natick",2020-06-23,1,NA,NA,NA,NA,446,0,446,0,NA,NA,NA
"34","Natick",2020-06-22,1,NA,NA,NA,NA,446,2,446,5.54785020804438,NA,NA,NA
"35","Natick",2020-06-21,1,NA,1,NA,NA,444,0,443,0,NA,2.77392510402219,NA
"36","Natick",2020-06-20,1,NA,1,NA,NA,444,0,443,0,NA,2.77392510402219,NA
"37","Natick",2020-06-19,1,NA,1,NA,NA,444,1,443,2.77392510402219,NA,2.77392510402219,NA
"38","Natick",2020-06-18,1,NA,2,NA,NA,444,0,442,0,NA,5.54785020804438,NA
"39","Natick",2020-06-17,1,NA,2,NA,NA,444,0,442,0,NA,5.54785020804438,NA
"40","Natick",2020-06-16,1,NA,1,NA,NA,442,1,441,2.77392510402219,NA,2.77392510402219,NA
"41","Natick",2020-06-15,1,NA,1,NA,NA,441,0,440,0,NA,2.77392510402219,NA
"42","Natick",2020-06-14,1,NA,1,NA,NA,441,0,440,0,NA,2.77392510402219,NA
"43","Natick",2020-06-13,1,NA,1,NA,NA,441,0,440,0,NA,2.77392510402219,NA
"44","Natick",2020-06-12,1,NA,2,NA,NA,441,1,439,2.77392510402219,NA,5.54785020804438,NA
"45","Natick",2020-06-11,1,NA,2,NA,NA,440,0,438,0,NA,5.54785020804438,NA
"46","Natick",2020-06-10,1,NA,2,NA,NA,440,1,438,2.77392510402219,NA,5.54785020804438,NA
"47","Natick",2020-06-09,2,NA,9,NA,NA,439,0,430,0,NA,24.9653259361997,NA
"48","Natick",2020-06-07,1,NA,71,NA,NA,439,0,368,0,NA,196.948682385576,NA
"49","Natick",2020-06-06,1,NA,129,NA,NA,439,0,310,0,NA,357.836338418863,NA
"50","Natick",2020-06-05,1,NA,131,NA,NA,439,0,308,0,NA,363.384188626907,NA
"51","Natick",2020-06-04,1,NA,134,NA,NA,439,0,305,0,NA,371.705963938974,NA
"52","Natick",2020-06-03,1,NA,135,NA,NA,439,5,304,13.869625520111,NA,374.479889042996,NA
"53","Natick",2020-06-02,1,NA,131,NA,NA,434,0,303,0,NA,363.384188626907,NA
"54","Natick",2020-06-01,1,NA,133,NA,NA,434,4,301,11.0957004160888,NA,368.932038834951,NA
"55","Natick",2020-05-31,0,NA,139,NA,NA,430,2,291,Inf,NA,385.575589459085,NA
